  0.100000,  0.100000,  0.200000,  0.200000, 20.000000, 20.000000,-1486.700019,-118.136086,-910.632315,-17.322770,-896.266479,-16.797125,-314.365682,-75.181946,-292.411236,-76.280937,292.411236,-76.280937,314.365682,-75.181946,896.266479,-16.797125,910.632315,-17.322770,1486.700019,-118.136086,  0.766636,2086404.246250
2086404.246250
2086404.246250
  0.100000,  0.100000,  0.200000,  0.200000, 40.000000, 20.000000,-1476.854798,-116.416971,-920.469411,-19.155847,-886.308701,-17.907398,-324.307988,-74.295555,-282.411236,-76.392143,282.411236,-76.392143,324.307988,-74.295555,886.308701,-17.907398,920.469411,-19.155847,1476.854798,-116.416971,  0.370168,2001684.267322
  0.100000,  0.100000,  0.200000,  0.200000, 40.000000, 40.000000,-1473.410844,-116.118219,-917.025457,-18.857094,-888.305369,-17.807480,-326.304656,-74.195633,-282.411236,-76.392143,282.411236,-76.392143,326.304656,-74.195633,888.305369,-17.807482,917.025457,-18.857095,1473.410844,-116.118219,  0.735161,1982620.482038
1982620.482038
  0.100000,  0.100000,  0.200000,  0.200000, 60.000000, 20.000000,-1466.966872,-114.633291,-930.453102,-19.846684,-876.441959,-17.831976,-334.341329,-72.223465,-272.411236,-75.324989,272.411236,-75.324989,334.341329,-72.223465,876.441959,-17.831976,930.453102,-19.846684,1466.966872,-114.633291,  0.328919,1964847.623200
  0.100000,  0.100000,  0.200000,  0.200000, 60.000000, 40.000000,-1463.560220,-114.396242,-926.876081,-20.579071,-878.355328,-18.805815,-336.254698,-73.197304,-272.411236,-76.392136,272.411236,-76.392136,336.254698,-73.197304,878.355328,-18.805815,926.876081,-20.579071,1463.560220,-114.396242,  0.454447,1904378.991310
  0.100000,  0.100000,  0.200000,  0.200000, 60.000000, 60.000000,-1460.116266,-114.097490,-923.432127,-20.280319,-880.351996,-18.705898,-338.251366,-73.097382,-272.411237,-76.392143,272.411236,-76.392143,338.251366,-73.097382,880.351996,-18.705898,923.432127,-20.280320,1460.116266,-114.097490,  0.698726,1886239.599737
1886239.599737
1886239.599737
1886239.599737
  0.100000,  0.100000,  0.400000,  0.400000, 40.000000, 20.000000,-1473.931182,-232.242682,-937.222836,-13.524798,-908.345966, -9.352732,-331.678290,-67.212494,-289.781539,-69.309082,289.781539,-69.309082,331.678290,-67.212494,908.345966, -9.352732,937.222836,-13.524798,1473.931182,-232.242682,  0.507746,10366210.252375
  0.100000,  0.100000,  0.400000,  0.400000, 40.000000, 40.000000,-1466.381741,-230.762018,-929.684323,-12.017323,-910.348172, -9.224431,-333.680496,-67.084190,-289.781539,-69.281219,289.781539,-69.281219,333.680496,-67.084190,910.348172, -9.224431,929.684323,-12.017323,1466.381741,-230.762018,  1.172493,10181984.821616
10181984.821616
  0.100000,  0.100000,  0.400000,  0.400000, 60.000000, 20.000000,-1464.670613,-228.468841,-946.483405,-17.298639,-898.395925,-10.351066,-341.628332,-66.214157,-279.781539,-69.309082,279.781539,-69.309082,341.628332,-66.214157,898.395925,-10.351066,946.483405,-17.298639,1464.670613,-228.468841,  0.426610,9978816.718972
  0.100000,  0.100000,  0.400000,  0.400000, 60.000000, 40.000000,-1457.122932,-226.989977,-938.935723,-15.819775,-900.392593,-10.251148,-343.625000,-66.114243,-279.781539,-69.309082,279.781539,-69.309082,343.625000,-66.114243,900.392593,-10.251149,938.935723,-15.819776,1457.122932,-226.989977,  0.694338,9798223.883601
9798223.883601
9798223.883601
9798223.883601
9798223.883601
  0.100000,  0.100000,  0.600000,  0.600000, 40.000000, 20.000000,-1472.247974,-349.694122,-969.840840,-12.507872,-946.476193, -6.652595,-344.430839,-67.058617,-302.534087,-69.155205,302.534087,-69.155205,344.430839,-67.058617,946.476193, -6.652595,969.840840,-12.507872,1472.247974,-349.694122,  0.643818,25081540.122904
25081540.122904
25081540.122904
  0.100000,  0.100000,  0.600000,  0.600000, 60.000000, 20.000000,-1463.944660,-344.121437,-978.144026,-18.080775,-936.526005, -7.651134,-354.380721,-66.060364,-292.533927,-69.155266,292.534247,-69.155136,354.381040,-66.060204,936.526298, -7.650724,978.144283,-18.080365,1463.944660,-344.121409,  0.466036,24187677.238266
  0.100000,  0.100000,  0.600000,  0.600000, 60.000000, 40.000000,-1452.798991,-340.727415,-967.002569,-14.680478,-938.524184, -7.544426,-356.378783,-65.952484,-292.532416,-69.147461,292.535758,-69.146156,356.382111,-65.950905,938.527252, -7.540254,967.005047,-14.676211,1452.798859,-340.727037,  0.994371,23543197.929661
  0.100000,  0.100000,  0.600000,  0.600000, 60.000000, 60.000000,-1441.642846,-337.316136,-955.942444,-11.126180,-940.573648, -7.290042,-358.428375,-65.699364,-292.534048,-68.998810,292.534126,-68.998787,358.428453,-65.699333,940.573721, -7.289946,955.942498,-11.126079,1441.642840,-337.316125,  1.595222,22926799.526042
22926799.526042
22926799.526042
22926799.526042
  0.100000,  0.100000,  0.800000,  0.800000, 40.000000, 20.000000,-1471.716549,-469.624342,-1020.633833,-11.619853,-1002.945767, -5.233151,-363.316931,-69.410095,-321.420180,-71.506683,321.420180,-71.506683,363.316931,-69.410095,1002.945767, -5.233150,1020.633833,-11.619853,1471.716549,-469.624342,  0.835831,47185502.445628
47185502.445628
  0.100000,  0.100000,  0.800000,  0.800000, 40.000000, 60.000000,-1443.217747,-457.692443,-992.135034,  0.312049,-1006.939107, -5.033315,-367.310271,-69.210266,-321.420183,-71.506683,321.420177,-71.506683,367.310265,-69.210266,1006.939101, -5.033320,992.135029,  0.312043,1443.217748,-457.692444,  1.155578,44588205.943670
  0.100000,  0.100000,  0.800000,  0.800000, 60.000000, 20.000000,-1464.699523,-462.499641,-1027.650858,-18.744553,-992.995726, -6.231485,-373.266973,-68.411766,-311.420180,-71.506683,311.420180,-71.506683,373.266973,-68.411766,992.995726, -6.231485,1027.650858,-18.744553,1464.699523,-462.499641,  0.589606,45605913.428279
  0.100000,  0.100000,  0.800000,  0.800000, 60.000000, 40.000000,-1450.449083,-456.527836,-1013.449960,-12.723961,-995.019213, -6.079832,-375.290460,-68.260109,-311.420178,-71.457382,311.420182,-71.457382,375.290465,-68.260109,995.019217, -6.079828,1013.449963,-12.723957,1450.449083,-456.527836,  1.278457,44035159.105858
44035159.105858
44035159.105858
44035159.105858
44035159.105858
  0.200000,  0.200000,  0.200000,  0.200000, 40.000000, 20.000000,-1479.987502,-120.147235,-915.165140,-119.795826,-879.549583,-123.358101,-325.985955,-235.570999,-282.411237,-239.943069,282.411236,-239.943069,325.985953,-235.570999,879.549582,-123.358109,915.165140,-119.795833,1479.987502,-120.147236,  4.013785,745157.315315
745157.315315
745157.315315
  0.200000,  0.200000,  0.200000,  0.200000, 60.000000, 20.000000,-1469.983146,-120.134539,-925.160866,-119.677996,-869.748917,-125.214279,-335.786620,-233.453781,-272.411237,-239.812546,272.411236,-239.812546,335.786619,-233.453796,869.748917,-125.214279,925.160866,-119.678004,1469.983146,-120.134540,  0.641998,790718.630666
  0.200000,  0.200000,  0.200000,  0.200000, 60.000000, 40.000000,-1469.979729,-120.144501,-925.157328,-119.868866,-873.722303,-125.016441,-339.760006,-233.255951,-272.411236,-240.013367,272.411236,-240.013367,339.760006,-233.255951,873.722303,-125.016441,925.157328,-119.868866,1469.979729,-120.144501,  1.244347,808547.613470
808547.613470
808547.613470
808547.613470
808547.613470
  0.200000,  0.200000,  0.400000,  0.400000, 40.000000, 20.000000,-1474.398047,-233.307516,-929.107590,-36.961704,-901.397551,-34.945965,-333.387148,-150.087357,-289.781535,-154.465347,289.781542,-154.465347,333.387155,-150.087357,901.397556,-34.945950,929.107594,-36.961691,1474.398047,-233.307516,  0.846173,5708550.444756
5708550.444756
5708550.444756
  0.200000,  0.200000,  0.400000,  0.400000, 60.000000, 20.000000,-1465.001916,-229.937224,-938.452011,-40.580327,-891.561012,-37.169308,-343.150383,-148.329636,-279.774911,-154.687500,279.788166,-154.679657,343.163461,-148.320023,891.570974,-37.144314,938.459978,-40.555570,1465.001534,-229.935681,  0.541084,5411633.854029
5411633.854029
5411633.854029
5411633.854029
5411633.854029
5411633.854029
  0.200000,  0.200000,  0.600000,  0.600000, 40.000000, 20.000000,-1472.400716,-350.437994,-961.076453,-26.933753,-939.182469,-22.921049,-346.177953,-143.142258,-302.550221,-147.525269,302.517953,-147.538254,346.145857,-143.157120,939.155530,-22.961348,961.052594,-26.974262,1472.401175,-350.440064,  1.102900,18096105.708961
18096105.708961
18096105.708961
18096105.708961
18096105.708961
18096105.708961
18096105.708961
18096105.708961
18096105.708961
18096105.708961
18096105.708961
18096105.708961
18096105.708961
18096105.708961
18096105.708961
18096105.708961
18096105.708961
18096105.708961
18096105.708961
18096105.708961
18096105.708961
18096105.708961
18096105.708961
18096105.708961
18096105.708961
18096105.708961
18096105.708961
18096105.708961
18096105.708961
18096105.708961
  0.300000,  0.300000,  0.400000,  0.400000, 60.000000, 20.000000,-1465.836922,-232.796766,-925.452617,-87.553386,-878.922409,-88.424187,-344.350981,-253.785080,-279.780460,-263.543823,279.782617,-263.542450,344.353091,-253.783417,878.923718,-88.419930,925.453593,-87.549189,1465.836837,-232.796517,  0.821843,1771436.662509
1771436.662509
1771436.662509
1771436.662509
1771436.662509
1771436.662509
1771436.662509
1771436.662509
1771436.662509
1771436.662509
1771436.662509
1771436.662509
1771436.662509
1771436.662509
1771436.662509
1771436.662509
1771436.662509
1771436.662509
1771436.662509
1771436.662509
1771436.662509
1771436.662509
1771436.662509
1771436.662509
1771436.662509
1771436.662509
1771436.662509
1771436.662509
1771436.662509
1771436.662509
1771436.662509
1771436.662509
1771436.662509
1771436.662509
1771436.662509
1771436.662509
1771436.662509
1771436.662509
1771436.662509
1771436.662509
1771436.662509
1771436.662509
1771436.662509
1771436.662509
1771436.662509
