  0.020000,  0.020000,  0.100000,  0.100000, 20.000000, 20.000000,-1488.091566,-58.945877,-909.677514, -2.092963,-892.083839, -1.406670,-310.998674,-13.029923,-290.600701,-13.233910,290.600701,-13.233910,310.998674,-13.029923,892.083839, -1.406670,909.677514, -2.092963,1488.091566,-58.945877,  0.158054,1507813.075847
  0.020000,  0.020000,  0.100000,  0.100000, 20.000000, 30.000000,-1487.113369,-58.897918,-908.699318, -2.045004,-892.283825, -1.404670,-311.198661,-13.027924,-290.600701,-13.233910,290.600701,-13.233910,311.198661,-13.027924,892.283825, -1.404670,908.699318, -2.045004,1487.113369,-58.897918,  0.237832,1506214.469396
  0.020000,  0.020000,  0.100000,  0.100000, 20.000000, 40.000000,-1486.135173,-58.849960,-907.721121, -1.997046,-892.483812, -1.402670,-311.398647,-13.025924,-290.600701,-13.233910,290.600701,-13.233910,311.398647,-13.025924,892.483812, -1.402670,907.721121, -1.997046,1486.135173,-58.849960,  0.329131,1504616.241224
  0.020000,  0.020000,  0.100000,  0.100000, 20.000000, 50.000000,-1485.156976,-58.802001,-906.742925, -1.949088,-892.683799, -1.400670,-311.598634,-13.023924,-290.600701,-13.233910,290.600701,-13.233910,311.598634,-13.023924,892.683799, -1.400670,906.742925, -1.949088,1485.156976,-58.802001,  0.434000,1503023.716803
  0.020000,  0.020000,  0.100000,  0.100000, 20.000000, 60.000000,-1484.178780,-58.754043,-905.764728, -1.901129,-892.883785, -1.398671,-311.798621,-13.021924,-290.600701,-13.233910,290.600701,-13.233910,311.798621,-13.021924,892.883785, -1.398671,905.764728, -1.901129,1484.178780,-58.754043,  0.556919,1501431.571670
  0.020000,  0.020000,  0.100000,  0.100000, 30.000000, 20.000000,-1483.115545,-58.456778,-914.653535, -2.582061,-887.084839, -1.506664,-315.997674,-12.929931,-285.600701,-13.233910,285.600701,-13.233910,315.997674,-12.929931,887.084839, -1.506664,914.653535, -2.582061,1483.115545,-58.456778,  0.099724,1492227.724342
  0.020000,  0.020000,  0.100000,  0.100000, 30.000000, 30.000000,-1482.137348,-58.408820,-913.675338, -2.534103,-887.284825, -1.504664,-316.197661,-12.927930,-285.600701,-13.233910,285.600701,-13.233910,316.197661,-12.927930,887.284825, -1.504664,913.675338, -2.534103,1482.137348,-58.408820,  0.146623,1490664.191841
  0.020000,  0.020000,  0.100000,  0.100000, 30.000000, 40.000000,-1481.159152,-58.360862,-912.697142, -2.486144,-887.484812, -1.502664,-316.397647,-12.925930,-285.600701,-13.233910,285.600701,-13.233910,316.397647,-12.925930,887.484812, -1.502664,912.697142, -2.486144,1481.159152,-58.360862,  0.197445,1489107.127022
  0.020000,  0.020000,  0.100000,  0.100000, 30.000000, 50.000000,-1480.180955,-58.312903,-911.718946, -2.438185,-887.684799, -1.500662,-316.597634,-12.923929,-285.600701,-13.233909,285.600701,-13.233909,316.597634,-12.923929,887.684799, -1.500663,911.718946, -2.438185,1480.180955,-58.312903,  0.252697,1487549.611174
  0.020000,  0.020000,  0.100000,  0.100000, 30.000000, 60.000000,-1479.202759,-58.264945,-910.740749, -2.390227,-887.884785, -1.498664,-316.797621,-12.921930,-285.600701,-13.233910,285.600701,-13.233910,316.797621,-12.921930,887.884785, -1.498664,910.740749, -2.390227,1479.202759,-58.264945,  0.313938,1485974.140813
  0.020000,  0.020000,  0.100000,  0.100000, 40.000000, 20.000000,-1478.139524,-57.967680,-919.629556, -3.071159,-882.085839, -1.606657,-320.996674,-12.829937,-280.600701,-13.233910,280.600701,-13.233910,320.996674,-12.829937,882.085839, -1.606657,919.629556, -3.071159,1478.139524,-57.967680,  0.072022,1476710.233077
  0.020000,  0.020000,  0.100000,  0.100000, 40.000000, 30.000000,-1477.161328,-57.919722,-918.651359, -3.023201,-882.285825, -1.604657,-321.196661,-12.827937,-280.600701,-13.233910,280.600701,-13.233910,321.196661,-12.827937,882.285825, -1.604657,918.651359, -3.023201,1477.161328,-57.919722,  0.104574,1475141.692942
  0.020000,  0.020000,  0.100000,  0.100000, 40.000000, 40.000000,-1476.183131,-57.871763,-917.673163, -2.975242,-882.485812, -1.602657,-321.396647,-12.825937,-280.600701,-13.233910,280.600701,-13.233910,321.396647,-12.825937,882.485812, -1.602657,917.673163, -2.975242,1476.183131,-57.871763,  0.139055,1473579.585012
  0.020000,  0.020000,  0.100000,  0.100000, 40.000000, 50.000000,-1475.204935,-57.823805,-916.694966, -2.927284,-882.685799, -1.600657,-321.596634,-12.823937,-280.600701,-13.233910,280.600701,-13.233910,321.596634,-12.823937,882.685799, -1.600657,916.694966, -2.927284,1475.204935,-57.823805,  0.175627,1472016.984023
  0.020000,  0.020000,  0.100000,  0.100000, 40.000000, 60.000000,-1474.226738,-57.775847,-915.716770, -2.879326,-882.885785, -1.598657,-321.796621,-12.821938,-280.600701,-13.233910,280.600701,-13.233910,321.796621,-12.821938,882.885785, -1.598657,915.716770, -2.879326,1474.226738,-57.775847,  0.214475,1470460.795319
  0.020000,  0.020000,  0.100000,  0.100000, 50.000000, 20.000000,-1473.163503,-57.478582,-924.605577, -3.560257,-877.086839, -1.706650,-325.995674,-12.729943,-275.600701,-13.233910,275.600701,-13.233910,325.995674,-12.729943,877.086839, -1.706650,924.605577, -3.560257,1473.163503,-57.478582,  0.055329,1461181.729106
  0.020000,  0.020000,  0.100000,  0.100000, 50.000000, 30.000000,-1472.185307,-57.430624,-923.627380, -3.512299,-877.286825, -1.704650,-326.195661,-12.727943,-275.600701,-13.233910,275.600701,-13.233910,326.195661,-12.727943,877.286825, -1.704650,923.627380, -3.512299,1472.185307,-57.430624,  0.079810,1459653.402055
  0.020000,  0.020000,  0.100000,  0.100000, 50.000000, 40.000000,-1471.207110,-57.382665,-922.649184, -3.464341,-877.486812, -1.702650,-326.395647,-12.725944,-275.600701,-13.233910,275.600701,-13.233910,326.395647,-12.725944,877.486812, -1.702650,922.649184, -3.464341,1471.207110,-57.382665,  0.105447,1458125.422234
  0.020000,  0.020000,  0.100000,  0.100000, 50.000000, 50.000000,-1470.228914,-57.334707,-921.670987, -3.416382,-877.686799, -1.700650,-326.595634,-12.723944,-275.600701,-13.233910,275.600701,-13.233910,326.595634,-12.723944,877.686799, -1.700650,921.670987, -3.416382,1470.228914,-57.334707,  0.131467,1456602.957592
  0.020000,  0.020000,  0.100000,  0.100000, 50.000000, 60.000000,-1469.250717,-57.286748,-920.692791, -3.368424,-877.886785, -1.698650,-326.795621,-12.721944,-275.600701,-13.233910,275.600701,-13.233910,326.795621,-12.721944,877.886785, -1.698650,920.692791, -3.368424,1469.250717,-57.286748,  0.160176,1455061.200141
  0.020000,  0.020000,  0.100000,  0.100000, 60.000000, 20.000000,-1468.187482,-56.989484,-929.581597, -4.049356,-872.087839, -1.806644,-330.994674,-12.629951,-270.600701,-13.233910,270.600701,-13.233910,330.994674,-12.629951,872.087839, -1.806644,929.581597, -4.049356,1468.187482,-56.989484,  0.044453,1445730.710991
  0.020000,  0.020000,  0.100000,  0.100000, 60.000000, 30.000000,-1467.209286,-56.941525,-928.603401, -4.001397,-872.287825, -1.804644,-331.194661,-12.627951,-270.600701,-13.233910,270.600701,-13.233910,331.194661,-12.627951,872.287825, -1.804644,928.603401, -4.001397,1467.209286,-56.941525,  0.064550,1444194.695122
  0.020000,  0.020000,  0.100000,  0.100000, 60.000000, 40.000000,-1466.231089,-56.893567,-927.625204, -3.953439,-872.487812, -1.802644,-331.394647,-12.625951,-270.600701,-13.233910,270.600701,-13.233910,331.394647,-12.625951,872.487812, -1.802644,927.625204, -3.953439,1466.231089,-56.893567,  0.086233,1442664.994638
  0.020000,  0.020000,  0.100000,  0.100000, 60.000000, 50.000000,-1465.252893,-56.845609,-926.647008, -3.905480,-872.687799, -1.800644,-331.594634,-12.623951,-270.600701,-13.233910,270.600701,-13.233910,331.594634,-12.623951,872.687799, -1.800644,926.647008, -3.905480,1465.252893,-56.845609,  0.108633,1441134.769924
  0.020000,  0.020000,  0.100000,  0.100000, 60.000000, 60.000000,-1464.274697,-56.797650,-925.668812, -3.857522,-872.887785, -1.798644,-331.794621,-12.621950,-270.600701,-13.233910,270.600701,-13.233910,331.794621,-12.621950,872.887785, -1.798644,925.668812, -3.857522,1464.274697,-56.797650,  0.133416,1439608.123482
  0.020000,  0.020000,  0.200000,  0.200000, 20.000000, 20.000000,-1486.243731,-117.788206,-912.961811, -2.180400,-897.514722, -0.794254,-312.809210,-12.489923,-292.411236,-12.693911,292.411236,-12.693911,312.809210,-12.489923,897.514722, -0.794254,912.961811, -2.180400,1486.243731,-117.788206,  0.193405,4274625.495906
  0.020000,  0.020000,  0.200000,  0.200000, 20.000000, 30.000000,-1484.266929,-117.590871,-910.985009, -1.983066,-897.714708, -0.792254,-313.009196,-12.487924,-292.411236,-12.693911,292.411236,-12.693911,313.009196,-12.487924,897.714708, -0.792254,910.985009, -1.983066,1484.266929,-117.590871,  0.313921,4261384.603897
  0.020000,  0.020000,  0.200000,  0.200000, 20.000000, 40.000000,-1482.290128,-117.393537,-909.008207, -1.785731,-897.914695, -0.790254,-313.209183,-12.485923,-292.411236,-12.693911,292.411236,-12.693911,313.209183,-12.485923,897.914695, -0.790254,909.008207, -1.785731,1482.290128,-117.393537,  0.478639,4248135.895655
  0.020000,  0.020000,  0.200000,  0.200000, 20.000000, 50.000000,-1480.313326,-117.196203,-907.031406, -1.588397,-898.114682, -0.788254,-313.409170,-12.483923,-292.411236,-12.693911,292.411236,-12.693911,313.409170,-12.483923,898.114682, -0.788254,907.031406, -1.588397,1480.313326,-117.196203,  0.720079,4234890.554134
  0.020000,  0.020000,  0.200000,  0.200000, 20.000000, 60.000000,-1478.336524,-116.998868,-905.054604, -1.391063,-898.314668, -0.786254,-313.609156,-12.481923,-292.411236,-12.693911,292.411236,-12.693911,313.609156,-12.481923,898.314668, -0.786254,905.054604, -1.391063,1478.336524,-116.998868,  1.131789,4221606.715989
  0.020000,  0.020000,  0.200000,  0.200000, 30.000000, 20.000000,-1481.342398,-116.799805,-917.863144, -3.168801,-892.515722, -0.894247,-317.808210,-12.389930,-287.411236,-12.693911,287.411236,-12.693911,317.808210,-12.389930,892.515722, -0.894247,917.863144, -3.168801,1481.342398,-116.799805,  0.117586,4215322.482694
  0.020000,  0.020000,  0.200000,  0.200000, 30.000000, 30.000000,-1479.365596,-116.602470,-915.886342, -2.971467,-892.715708, -0.892247,-318.008196,-12.387930,-287.411236,-12.693911,287.411236,-12.693911,318.008196,-12.387930,892.715708, -0.892247,915.886342, -2.971467,1479.365596,-116.602470,  0.179659,4202205.525677
  0.020000,  0.020000,  0.200000,  0.200000, 30.000000, 40.000000,-1477.388795,-116.405136,-913.909540, -2.774132,-892.915695, -0.890247,-318.208183,-12.385930,-287.411236,-12.693911,287.411236,-12.693911,318.208183,-12.385930,892.915695, -0.890247,913.909540, -2.774132,1477.388795,-116.405136,  0.254207,4189073.227813
  0.020000,  0.020000,  0.200000,  0.200000, 30.000000, 50.000000,-1475.411993,-116.207802,-911.932739, -2.576798,-893.115682, -0.888247,-318.408170,-12.383930,-287.411236,-12.693911,287.411236,-12.693911,318.408170,-12.383930,893.115682, -0.888247,911.932739, -2.576798,1475.411993,-116.207802,  0.345183,4175990.864129
  0.020000,  0.020000,  0.200000,  0.200000, 30.000000, 60.000000,-1473.435191,-116.010468,-909.955937, -2.379464,-893.315668, -0.886248,-318.608156,-12.381930,-287.411236,-12.693911,287.411236,-12.693911,318.608156,-12.381930,893.315668, -0.886248,909.955937, -2.379464,1473.435191,-116.010468,  0.458382,4162950.929277
  0.020000,  0.020000,  0.200000,  0.200000, 40.000000, 20.000000,-1476.441065,-115.811404,-922.764477, -4.157202,-887.516722, -0.994241,-322.807210,-12.289936,-282.411236,-12.693911,282.411236,-12.693911,322.807210,-12.289936,887.516722, -0.994241,922.764477, -4.157202,1476.441065,-115.811404,  0.083994,4156167.440130
  0.020000,  0.020000,  0.200000,  0.200000, 40.000000, 30.000000,-1474.464263,-115.614070,-920.787675, -3.959867,-887.716708, -0.992241,-323.007196,-12.287936,-282.411236,-12.693911,282.411236,-12.693911,323.007196,-12.287936,887.716708, -0.992241,920.787675, -3.959867,1474.464263,-115.614070,  0.124465,4143262.098386
  0.020000,  0.020000,  0.200000,  0.200000, 40.000000, 40.000000,-1472.487462,-115.416735,-918.810873, -3.762533,-887.916695, -0.990241,-323.207183,-12.285936,-282.411236,-12.693911,282.411236,-12.693911,323.207183,-12.285936,887.916695, -0.990241,918.810873, -3.762533,1472.487462,-115.416735,  0.170910,4130345.551080
  0.020000,  0.020000,  0.200000,  0.200000, 40.000000, 50.000000,-1470.510660,-115.219401,-916.834071, -3.565199,-888.116682, -0.988241,-323.407170,-12.283937,-282.411236,-12.693911,282.411236,-12.693911,323.407170,-12.283937,888.116682, -0.988241,916.834071, -3.565199,1470.510660,-115.219401,  0.223963,4117432.000748
  0.020000,  0.020000,  0.200000,  0.200000, 40.000000, 60.000000,-1468.533858,-115.022067,-914.857270, -3.367865,-888.316668, -0.986241,-323.607156,-12.281937,-282.411236,-12.693911,282.411236,-12.693911,323.607156,-12.281937,888.316668, -0.986241,914.857270, -3.367865,1468.533858,-115.022067,  0.286046,4104497.152481
  0.020000,  0.020000,  0.200000,  0.200000, 50.000000, 20.000000,-1471.539732,-114.823003,-927.665810, -5.145601,-882.517722, -1.094233,-327.806210,-12.189942,-277.411237,-12.693910,277.411236,-12.693911,327.806210,-12.189943,882.517721, -1.094235,927.665809, -5.145604,1471.539732,-114.823003,  0.064731,4097327.119031
  0.020000,  0.020000,  0.200000,  0.200000, 50.000000, 30.000000,-1469.562931,-114.625669,-925.689008, -4.948268,-882.717708, -1.092234,-328.006196,-12.187943,-277.411236,-12.693911,277.411236,-12.693911,328.006196,-12.187943,882.717708, -1.092234,925.689008, -4.948268,1469.562931,-114.625669,  0.094119,4084555.218362
  0.020000,  0.020000,  0.200000,  0.200000, 50.000000, 40.000000,-1467.586129,-114.428335,-923.712206, -4.750934,-882.917695, -1.090234,-328.206183,-12.185944,-277.411236,-12.693911,277.411236,-12.693911,328.206183,-12.185944,882.917695, -1.090234,923.712206, -4.750934,1467.586129,-114.428335,  0.127079,4071757.964781
  0.020000,  0.020000,  0.200000,  0.200000, 50.000000, 50.000000,-1465.609327,-114.231000,-921.735404, -4.553600,-883.117682, -1.088234,-328.406170,-12.183944,-277.411236,-12.693911,277.411236,-12.693911,328.406170,-12.183944,883.117682, -1.088234,921.735404, -4.553600,1465.609327,-114.231000,  0.163646,4059009.485917
  0.020000,  0.020000,  0.200000,  0.200000, 50.000000, 60.000000,-1463.632526,-114.033666,-919.758603, -4.356265,-883.317668, -1.086234,-328.606157,-12.181943,-277.411236,-12.693911,277.411236,-12.693911,328.606157,-12.181943,883.317668, -1.086234,919.758603, -4.356265,1463.632526,-114.033666,  0.204366,4046292.335170
  0.020000,  0.020000,  0.200000,  0.200000, 60.000000, 20.000000,-1466.638399,-113.834602,-932.567142, -6.134003,-877.518722, -1.194227,-332.805210,-12.089950,-272.411236,-12.693911,272.411236,-12.693911,332.805210,-12.089950,877.518722, -1.194227,932.567142, -6.134003,1466.638399,-113.834602,  0.051962,4038674.909610
  0.020000,  0.020000,  0.200000,  0.200000, 60.000000, 30.000000,-1464.661598,-113.637268,-930.590341, -5.936669,-877.718708, -1.192227,-333.005197,-12.087950,-272.411236,-12.693911,272.411236,-12.693911,333.005197,-12.087950,877.718708, -1.192227,930.590341, -5.936669,1464.661598,-113.637268,  0.075854,4026099.420803
  0.020000,  0.020000,  0.200000,  0.200000, 60.000000, 40.000000,-1462.684796,-113.439934,-928.613539, -5.739335,-877.918695, -1.190227,-333.205183,-12.085950,-272.411236,-12.693911,272.411236,-12.693911,333.205183,-12.085950,877.918695, -1.190227,928.613539, -5.739335,1462.684796,-113.439934,  0.101893,4013504.310746
  0.020000,  0.020000,  0.200000,  0.200000, 60.000000, 50.000000,-1460.707994,-113.242599,-926.636737, -5.542001,-878.118682, -1.188227,-333.405170,-12.083950,-272.411236,-12.693911,272.411236,-12.693911,333.405170,-12.083950,878.118682, -1.188227,926.636737, -5.542001,1460.707994,-113.242599,  0.130355,4000921.066039
  0.020000,  0.020000,  0.200000,  0.200000, 60.000000, 60.000000,-1458.731193,-113.045265,-924.659936, -5.344666,-878.318668, -1.186227,-333.605157,-12.081950,-272.411236,-12.693911,272.411236,-12.693911,333.605157,-12.081950,878.318668, -1.186227,924.659936, -5.344666,1458.731193,-113.045265,  0.161583,3988328.997630
  0.020000,  0.020000,  0.300000,  0.300000, 20.000000, 20.000000,-1484.547177,-176.699500,-919.907073, -2.454904,-906.651139, -0.591432,-315.855088,-12.408929,-295.457115,-12.612915,295.457115,-12.612915,315.855088,-12.408929,906.651139, -0.591432,919.907073, -2.454904,1484.547177,-176.699500,  0.232366,8583414.598705
  0.020000,  0.020000,  0.300000,  0.300000, 20.000000, 30.000000,-1481.598448,-176.254865,-916.958343, -2.010269,-906.851126, -0.589432,-316.055075,-12.406929,-295.457115,-12.612915,295.457115,-12.612915,316.055075,-12.406929,906.851126, -0.589432,916.958343, -2.010269,1481.598448,-176.254865,  0.420545,8537857.145336
  0.020000,  0.020000,  0.300000,  0.300000, 20.000000, 40.000000,-1478.649719,-175.810230,-914.009614, -1.565634,-907.051112, -0.587432,-316.255062,-12.404929,-295.457115,-12.612915,295.457115,-12.612915,316.255062,-12.404929,907.051112, -0.587432,914.009614, -1.565634,1478.649719,-175.810230,  0.770882,8492452.508953
8492452.508953
8492452.508953
  0.020000,  0.020000,  0.300000,  0.300000, 30.000000, 20.000000,-1479.769495,-175.225135,-924.684755, -3.929268,-901.652139, -0.691425,-320.854088,-12.308935,-290.457115,-12.612915,290.457115,-12.612915,320.854088,-12.308935,901.652139, -0.691425,924.684755, -3.929268,1479.769495,-175.225135,  0.134608,8452997.955348
  0.020000,  0.020000,  0.300000,  0.300000, 30.000000, 30.000000,-1476.820766,-174.780500,-921.736026, -3.484633,-901.852126, -0.689425,-321.054075,-12.306935,-290.457115,-12.612915,290.457115,-12.612915,321.054075,-12.306935,901.852126, -0.689425,921.736026, -3.484633,1476.820766,-174.780500,  0.215821,8408100.329748
  0.020000,  0.020000,  0.300000,  0.300000, 30.000000, 40.000000,-1473.872037,-174.335865,-918.787297, -3.039998,-902.052112, -0.687425,-321.254062,-12.304935,-290.457115,-12.612915,290.457115,-12.612915,321.254062,-12.304935,902.052112, -0.687425,918.787297, -3.039998,1473.872037,-174.335865,  0.327283,8363315.431201
  0.020000,  0.020000,  0.300000,  0.300000, 30.000000, 50.000000,-1470.923307,-173.891230,-915.838568, -2.595363,-902.252099, -0.685425,-321.454048,-12.302936,-290.457115,-12.612915,290.457115,-12.612915,321.454048,-12.302936,902.252099, -0.685425,915.838568, -2.595363,1470.923307,-173.891230,  0.487507,8318575.808909
  0.020000,  0.020000,  0.300000,  0.300000, 30.000000, 60.000000,-1467.974578,-173.446595,-912.889839, -2.150728,-902.452086, -0.683425,-321.654035,-12.300936,-290.457115,-12.612915,290.457115,-12.612915,321.654035,-12.300936,902.452086, -0.683425,912.889839, -2.150728,1467.974578,-173.446595,  0.741840,8273940.856163
  0.020000,  0.020000,  0.300000,  0.300000, 40.000000, 20.000000,-1474.991812,-173.750771,-929.462437, -5.403633,-896.653139, -0.791418,-325.853088,-12.208942,-285.457115,-12.612915,285.457115,-12.612915,325.853088,-12.208942,896.653139, -0.791418,929.462437, -5.403633,1474.991812,-173.750771,  0.094995,8323195.899654
  0.020000,  0.020000,  0.300000,  0.300000, 40.000000, 30.000000,-1472.043083,-173.306135,-926.513711, -4.958987,-896.853130, -0.789407,-326.053079,-12.206938,-285.457119,-12.612911,285.457111,-12.612919,326.053071,-12.206946,896.853122, -0.789429,926.513705, -4.959009,1472.043084,-173.306136,  0.144817,8278864.809455
  0.020000,  0.020000,  0.300000,  0.300000, 40.000000, 40.000000,-1469.094354,-172.861501,-923.564979, -4.514363,-897.053112, -0.787418,-326.253062,-12.204942,-285.457115,-12.612915,285.457115,-12.612915,326.253062,-12.204942,897.053112, -0.787418,923.564979, -4.514363,1469.094354,-172.861501,  0.206336,8234717.231050
8234717.231050
  0.020000,  0.020000,  0.300000,  0.300000, 40.000000, 60.000000,-1463.196896,-171.972230,-917.667521, -3.625092,-897.453086, -0.783419,-326.653035,-12.200942,-285.457115,-12.612915,285.457115,-12.612915,326.653035,-12.200942,897.453086, -0.783419,917.667521, -3.625092,1463.196896,-171.972230,  0.386132,8146576.425963
  0.020000,  0.020000,  0.300000,  0.300000, 50.000000, 20.000000,-1470.214130,-172.276406,-934.240120, -6.877997,-891.654139, -0.891412,-330.852088,-12.108949,-280.457115,-12.612915,280.457115,-12.612915,330.852088,-12.108949,891.654139, -0.891412,934.240120, -6.877997,1470.214130,-172.276406,  0.073019,8194048.330725
  0.020000,  0.020000,  0.300000,  0.300000, 50.000000, 30.000000,-1467.265401,-171.831771,-931.291391, -6.433362,-891.854126, -0.889412,-331.052075,-12.106949,-280.457115,-12.612915,280.457115,-12.612915,331.052075,-12.106949,891.854126, -0.889412,931.291391, -6.433362,1467.265401,-171.831771,  0.107979,8150379.066233
  0.020000,  0.020000,  0.300000,  0.300000, 50.000000, 40.000000,-1464.316672,-171.387136,-928.342662, -5.988727,-892.054112, -0.887412,-331.252062,-12.104949,-280.457115,-12.612915,280.457115,-12.612915,331.252062,-12.104949,892.054112, -0.887412,928.342662, -5.988727,1464.316672,-171.387136,  0.149430,8106756.560786
  0.020000,  0.020000,  0.300000,  0.300000, 50.000000, 50.000000,-1461.367943,-170.942501,-925.393933, -5.544092,-892.254099, -0.885412,-331.452048,-12.102949,-280.457115,-12.612915,280.457115,-12.612915,331.452048,-12.102949,892.254099, -0.885412,925.393933, -5.544092,1461.367943,-170.942501,  0.198400,8063230.364824
  0.020000,  0.020000,  0.300000,  0.300000, 50.000000, 60.000000,-1458.419214,-170.497866,-922.445204, -5.099457,-892.454086, -0.883412,-331.652035,-12.100949,-280.457115,-12.612915,280.457115,-12.612915,331.652035,-12.100949,892.454086, -0.883412,922.445204, -5.099457,1458.419214,-170.497866,  0.259080,8019841.560685
  0.020000,  0.020000,  0.300000,  0.300000, 60.000000, 20.000000,-1465.436447,-170.802042,-939.017802, -8.352362,-886.655139, -0.991405,-335.851088,-12.008955,-275.457115,-12.612915,275.457115,-12.612915,335.851088,-12.008955,886.655139, -0.991405,939.017802, -8.352362,1465.436447,-170.802042,  0.058468,8065487.756745
  0.020000,  0.020000,  0.300000,  0.300000, 60.000000, 30.000000,-1462.487718,-170.357407,-936.069073, -7.907727,-886.855126, -0.989405,-336.051075,-12.006955,-275.457115,-12.612915,275.457115,-12.612915,336.051075,-12.006955,886.855126, -0.989405,936.069073, -7.907727,1462.487718,-170.357407,  0.085533,8022363.274634
  0.020000,  0.020000,  0.300000,  0.300000, 60.000000, 40.000000,-1459.538989,-169.912772,-933.120344, -7.463092,-887.055112, -0.987405,-336.251062,-12.004955,-275.457115,-12.612915,275.457115,-12.612915,336.251062,-12.004955,887.055112, -0.987405,933.120344, -7.463092,1459.538989,-169.912772,  0.116428,7979451.774065
  0.020000,  0.020000,  0.300000,  0.300000, 60.000000, 50.000000,-1456.590260,-169.468136,-930.171615, -7.018456,-887.255099, -0.985405,-336.451048,-12.002955,-275.457115,-12.612915,275.457115,-12.612915,336.451048,-12.002955,887.255099, -0.985405,930.171615, -7.018456,1456.590260,-169.468136,  0.151485,7936585.170143
  0.020000,  0.020000,  0.300000,  0.300000, 60.000000, 60.000000,-1453.641531,-169.023501,-927.222886, -6.573821,-887.455086, -0.983405,-336.651035,-12.000956,-275.457115,-12.612915,275.457115,-12.612915,336.651035,-12.000956,887.455086, -0.983405,927.222886, -6.573821,1453.641531,-169.023501,  0.191368,7893666.050851
  0.020000,  0.020000,  0.400000,  0.400000, 20.000000, 20.000000,-1483.008491,-235.804997,-930.654418, -2.607951,-919.622681, -0.489268,-320.179512,-12.479730,-299.781539,-12.683717,299.781539,-12.683717,320.179512,-12.479730,919.622681, -0.489268,930.654418, -2.607951,1483.008491,-235.804997,  0.283596,14496256.887675
  0.020000,  0.020000,  0.400000,  0.400000, 20.000000, 30.000000,-1479.119041,-235.017606,-926.764968, -1.820561,-919.822668, -0.487268,-320.379499,-12.477730,-299.781539,-12.683717,299.781539,-12.683717,320.379499,-12.477730,919.822668, -0.487268,926.764968, -1.820561,1479.119041,-235.017606,  0.612930,14387490.424107
14387490.424107
14387490.424107
  0.020000,  0.020000,  0.400000,  0.400000, 20.000000, 60.000000,-1467.450692,-232.655436,-915.096619,  0.541610,-920.422627, -0.481268,-320.979459,-12.471730,-299.781539,-12.683717,299.781539,-12.683717,320.979459,-12.471730,920.422627, -0.481268,915.096619,  0.541610,1467.450692,-232.655436,  0.395339,14116029.547209
  0.020000,  0.020000,  0.400000,  0.400000, 30.000000, 20.000000,-1478.402186,-233.860272,-935.260723, -4.552676,-914.623681, -0.589261,-325.178512,-12.379736,-294.781539,-12.683717,294.781539,-12.683717,325.178512,-12.379736,914.623681, -0.589261,935.260723, -4.552676,1478.402186,-233.860272,  0.154419,14267973.877403
  0.020000,  0.020000,  0.400000,  0.400000, 30.000000, 30.000000,-1474.512736,-233.072882,-931.371273, -3.765285,-914.823668, -0.587261,-325.378499,-12.377736,-294.781539,-12.683717,294.781539,-12.683717,325.378499,-12.377736,914.823668, -0.587261,931.371273, -3.765285,1474.512736,-233.072882,  0.264396,14160846.612011
  0.020000,  0.020000,  0.400000,  0.400000, 30.000000, 40.000000,-1470.623286,-232.285491,-927.481823, -2.977895,-915.023654, -0.585262,-325.578485,-12.375736,-294.781539,-12.683717,294.781539,-12.683717,325.578485,-12.375736,915.023654, -0.585262,927.481823, -2.977895,1470.623286,-232.285491,  0.443639,14053997.265422
  0.020000,  0.020000,  0.400000,  0.400000, 30.000000, 50.000000,-1466.733836,-231.498101,-923.592374, -2.190505,-915.223641, -0.583262,-325.778472,-12.373736,-294.781539,-12.683717,294.781539,-12.683717,325.778472,-12.373736,915.223641, -0.583262,923.592374, -2.190505,1466.733836,-231.498101,  0.791903,13947315.438446
13947315.438446
  0.020000,  0.020000,  0.400000,  0.400000, 40.000000, 20.000000,-1473.795881,-231.915547,-939.867028, -6.497400,-909.624681, -0.689255,-330.177512,-12.279743,-289.781539,-12.683717,289.781539,-12.683717,330.177512,-12.279743,909.624681, -0.689255,939.867028, -6.497400,1473.795881,-231.915547,  0.106705,14041560.100756
  0.020000,  0.020000,  0.400000,  0.400000, 40.000000, 30.000000,-1469.906431,-231.128157,-935.977578, -5.710010,-909.824667, -0.687255,-330.377499,-12.277743,-289.781539,-12.683717,289.781539,-12.683717,330.377499,-12.277743,909.824667, -0.687255,935.977578, -5.710010,1469.906431,-231.128157,  0.168752,13935737.072991
  0.020000,  0.020000,  0.400000,  0.400000, 40.000000, 40.000000,-1466.016981,-230.340767,-932.088128, -4.922620,-910.024654, -0.685255,-330.577485,-12.275743,-289.781539,-12.683717,289.781539,-12.683717,330.577485,-12.275743,910.024654, -0.685255,932.088128, -4.922620,1466.016981,-230.340767,  0.253236,13830301.801471
  0.020000,  0.020000,  0.400000,  0.400000, 40.000000, 50.000000,-1462.127532,-229.553376,-928.198679, -4.135230,-910.224641, -0.683255,-330.777472,-12.273744,-289.781539,-12.683717,289.781539,-12.683717,330.777472,-12.273744,910.224641, -0.683255,928.198679, -4.135230,1462.127532,-229.553376,  0.376352,13725258.934027
  0.020000,  0.020000,  0.400000,  0.400000, 40.000000, 60.000000,-1458.238082,-228.765986,-924.309229, -3.347840,-910.424627, -0.681255,-330.977459,-12.271743,-289.781539,-12.683717,289.781539,-12.683717,330.977459,-12.271743,910.424627, -0.681255,924.309229, -3.347840,1458.238082,-228.765986,  0.568588,13620397.780701
  0.020000,  0.020000,  0.400000,  0.400000, 50.000000, 20.000000,-1469.189576,-229.970822,-944.473333, -8.442125,-904.625681, -0.789248,-335.176512,-12.179749,-284.781539,-12.683717,284.781539,-12.683717,335.176512,-12.179749,904.625681, -0.789248,944.473333, -8.442125,1469.189576,-229.970822,  0.081680,13815588.503945
  0.020000,  0.020000,  0.400000,  0.400000, 50.000000, 30.000000,-1465.300126,-229.183432,-940.583883, -7.654735,-904.825667, -0.787248,-335.376499,-12.177750,-284.781539,-12.683717,284.781539,-12.683717,335.376499,-12.177750,904.825667, -0.787248,940.583883, -7.654735,1465.300126,-229.183432,  0.123205,13711423.767813
  0.020000,  0.020000,  0.400000,  0.400000, 50.000000, 40.000000,-1461.410676,-228.396042,-936.694433, -6.867345,-905.025654, -0.785248,-335.576486,-12.175750,-284.781539,-12.683717,284.781539,-12.683717,335.576486,-12.175750,905.025654, -0.785248,936.694433, -6.867345,1461.410676,-228.396042,  0.176307,13607376.302821
  0.020000,  0.020000,  0.400000,  0.400000, 50.000000, 50.000000,-1457.521227,-227.608652,-932.804984, -6.079955,-905.225641, -0.783248,-335.776472,-12.173750,-284.781539,-12.683717,284.781539,-12.683717,335.776472,-12.173750,905.225641, -0.783248,932.804984, -6.079955,1457.521227,-227.608652,  0.244949,13503743.959124
  0.020000,  0.020000,  0.400000,  0.400000, 50.000000, 60.000000,-1453.631777,-226.821261,-928.915534, -5.292565,-905.425627, -0.781248,-335.976459,-12.171750,-284.781539,-12.683717,284.781539,-12.683717,335.976459,-12.171750,905.425627, -0.781248,928.915534, -5.292565,1453.631777,-226.821261,  0.338450,13400529.325149
  0.020000,  0.020000,  0.400000,  0.400000, 60.000000, 20.000000,-1464.583271,-228.026097,-949.079638,-10.386850,-899.626681, -0.889241,-340.175512,-12.079757,-279.781539,-12.683717,279.781539,-12.683717,340.175512,-12.079757,899.626681, -0.889241,949.079638,-10.386850,1464.583271,-228.026097,  0.065256,13591399.857668
  0.020000,  0.020000,  0.400000,  0.400000, 60.000000, 30.000000,-1460.693821,-227.238707,-945.190188, -9.599460,-899.826667, -0.887241,-340.375499,-12.077756,-279.781539,-12.683717,279.781539,-12.683717,340.375499,-12.077756,899.826667, -0.887241,945.190188, -9.599460,1460.693821,-227.238707,  0.096414,13488535.393519
  0.020000,  0.020000,  0.400000,  0.400000, 60.000000, 40.000000,-1456.804371,-226.451317,-941.300738, -8.812070,-900.026654, -0.885242,-340.575486,-12.075756,-279.781539,-12.683717,279.781539,-12.683717,340.575486,-12.075756,900.026654, -0.885242,941.300738, -8.812070,1456.804371,-226.451317,  0.133860,13386114.959451
  0.020000,  0.020000,  0.400000,  0.400000, 60.000000, 50.000000,-1452.914922,-225.663927,-937.411289, -8.024680,-900.226641, -0.883242,-340.775472,-12.073756,-279.781539,-12.683717,279.781539,-12.683717,340.775472,-12.073756,900.226641, -0.883242,937.411289, -8.024680,1452.914922,-225.663927,  0.180278,13283849.323260
  0.020000,  0.020000,  0.400000,  0.400000, 60.000000, 60.000000,-1449.025472,-224.876537,-933.521839, -7.237290,-900.426627, -0.881242,-340.975459,-12.071756,-279.781539,-12.683717,279.781539,-12.683717,340.975459,-12.071756,900.426627, -0.881242,933.521839, -7.237290,1449.025472,-224.876537,  0.237641,13182011.294422
  0.020000,  0.020000,  0.500000,  0.500000, 20.000000, 20.000000,-1481.640989,-295.231235,-945.409843, -2.577319,-936.615176, -0.427061,-325.844432,-12.644106,-305.446459,-12.848092,305.446459,-12.848092,325.844432,-12.644106,936.615176, -0.427061,945.409843, -2.577319,1481.640989,-295.231235,  0.357119,22109038.724814
  0.020000,  0.020000,  0.500000,  0.500000, 20.000000, 30.000000,-1476.850396,-294.009061,-940.619250, -1.355145,-936.815162, -0.425061,-326.044419,-12.642106,-305.446459,-12.848092,305.446459,-12.848092,326.044419,-12.642106,936.815162, -0.425061,940.619250, -1.355145,1476.850396,-294.009061,  1.113116,21895804.164681
21895804.164681
  0.020000,  0.020000,  0.500000,  0.500000, 20.000000, 50.000000,-1467.269211,-291.564712,-931.038064,  1.089204,-937.215136, -0.421062,-326.444392,-12.638106,-305.446459,-12.848092,305.446459,-12.848092,326.444392,-12.638106,937.215136, -0.421062,931.038064,  1.089204,1467.269211,-291.564712,  0.331179,21568300.109773
  0.020000,  0.020000,  0.500000,  0.500000, 20.000000, 60.000000,-1462.478618,-290.342538,-926.247472,  2.311379,-937.415122, -0.419062,-326.644379,-12.636106,-305.446459,-12.848092,305.446459,-12.848092,326.644379,-12.636106,937.415122, -0.419062,926.247472,  2.311379,1462.478618,-290.342538,  0.395337,21435300.351234
  0.020000,  0.020000,  0.500000,  0.500000, 30.000000, 20.000000,-1477.252076,-292.835939,-949.798755, -4.972615,-931.616176, -0.527055,-330.843432,-12.544112,-300.446459,-12.848092,300.446459,-12.848092,330.843432,-12.544112,931.616176, -0.527055,949.798755, -4.972615,1477.252076,-292.835939,  0.178220,21758509.847424
  0.020000,  0.020000,  0.500000,  0.500000, 30.000000, 30.000000,-1472.461484,-291.613765,-945.008163, -3.750441,-931.816162, -0.525055,-331.043419,-12.542112,-300.446459,-12.848092,300.446459,-12.848092,331.043419,-12.542112,931.816162, -0.525055,945.008163, -3.750441,1472.461484,-291.613765,  0.333759,21547499.897720
  0.020000,  0.020000,  0.500000,  0.500000, 30.000000, 40.000000,-1467.670891,-290.391590,-940.217570, -2.528267,-932.016149, -0.523055,-331.243406,-12.540112,-300.446459,-12.848092,300.446459,-12.848092,331.243406,-12.540112,932.016149, -0.523055,940.217570, -2.528267,1467.670891,-290.391590,  0.671556,21338157.867571
21338157.867571
21338157.867571
  0.020000,  0.020000,  0.500000,  0.500000, 40.000000, 20.000000,-1472.863163,-290.440643,-954.187668, -7.367912,-926.617176, -0.627048,-335.842432,-12.444119,-295.446459,-12.848092,295.446459,-12.848092,335.842432,-12.444119,926.617176, -0.627048,954.187668, -7.367912,1472.863163,-290.440643,  0.120267,21408797.239306
  0.020000,  0.020000,  0.500000,  0.500000, 40.000000, 30.000000,-1468.072571,-289.218468,-949.397075, -6.145737,-926.817162, -0.625048,-336.042419,-12.442119,-295.446459,-12.848092,295.446459,-12.848092,336.042419,-12.442119,926.817162, -0.625048,949.397075, -6.145737,1468.072571,-289.218468,  0.199050,21201453.523869
  0.020000,  0.020000,  0.500000,  0.500000, 40.000000, 40.000000,-1463.281978,-287.996294,-944.606483, -4.923563,-927.017149, -0.623048,-336.242406,-12.440119,-295.446459,-12.848092,295.446459,-12.848092,336.242406,-12.440119,927.017149, -0.623048,944.606483, -4.923563,1463.281978,-287.996294,  0.321277,20994264.072720
  0.020000,  0.020000,  0.500000,  0.500000, 40.000000, 50.000000,-1458.491385,-286.774119,-939.815890, -3.701388,-927.217136, -0.621048,-336.442392,-12.438119,-295.446459,-12.848092,295.446459,-12.848092,336.442392,-12.438119,927.217136, -0.621048,939.815890, -3.701388,1458.491385,-286.774119,  0.537822,20788778.439349
  0.020000,  0.020000,  0.500000,  0.500000, 40.000000, 60.000000,-1453.700793,-285.551945,-935.025297, -2.479214,-927.417122, -0.619048,-336.642379,-12.436119,-295.446459,-12.848092,295.446459,-12.848092,336.642379,-12.436119,927.417122, -0.619048,935.025297, -2.479214,1453.700793,-285.551945,  1.037466,20583230.673146
  0.020000,  0.020000,  0.500000,  0.500000, 50.000000, 20.000000,-1468.474251,-288.045346,-958.576581, -9.763208,-921.618176, -0.727041,-340.841432,-12.344126,-290.446459,-12.848092,290.446459,-12.848092,340.841432,-12.344126,921.618176, -0.727041,958.576581, -9.763208,1468.474251,-288.045346,  0.091144,21061785.124120
  0.020000,  0.020000,  0.500000,  0.500000, 50.000000, 30.000000,-1463.683658,-286.823172,-953.785988, -8.541034,-921.818162, -0.725041,-341.041419,-12.342126,-290.446459,-12.848092,290.446459,-12.848092,341.041419,-12.342126,921.818162, -0.725041,953.785988, -8.541034,1463.683658,-286.823172,  0.142033,20856665.723283
  0.020000,  0.020000,  0.500000,  0.500000, 50.000000, 40.000000,-1458.893065,-285.600997,-948.995395, -7.318859,-922.018149, -0.723041,-341.241406,-12.340126,-290.446459,-12.848092,290.446459,-12.848092,341.241406,-12.340126,922.018149, -0.723041,948.995395, -7.318859,1458.893065,-285.600997,  0.211187,20653020.490159
  0.020000,  0.020000,  0.500000,  0.500000, 50.000000, 50.000000,-1454.102473,-284.378823,-944.204803, -6.096685,-922.218136, -0.721042,-341.441392,-12.338126,-290.446459,-12.848092,290.446459,-12.848092,341.441392,-12.338126,922.218136, -0.721042,944.204803, -6.096685,1454.102473,-284.378823,  0.312164,20449565.285760
  0.020000,  0.020000,  0.500000,  0.500000, 50.000000, 60.000000,-1449.311880,-283.156648,-939.414210, -4.874510,-922.418122, -0.719042,-341.641379,-12.336126,-290.446459,-12.848092,290.446459,-12.848092,341.641379,-12.336126,922.418122, -0.719042,939.414210, -4.874510,1449.311880,-283.156648,  0.471270,20247767.428751
  0.020000,  0.020000,  0.500000,  0.500000, 60.000000, 20.000000,-1464.085338,-285.650050,-962.965494,-12.158504,-916.619176, -0.827035,-345.840432,-12.244132,-285.446459,-12.848092,285.446459,-12.848092,345.840432,-12.244132,916.619176, -0.827035,962.965494,-12.158504,1464.085338,-285.650050,  0.073069,20715921.422747
  0.020000,  0.020000,  0.500000,  0.500000, 60.000000, 30.000000,-1459.294745,-284.427875,-958.174901,-10.936330,-916.819162, -0.825035,-346.040419,-12.242132,-285.446459,-12.848092,285.446459,-12.848092,346.040419,-12.242132,916.819162, -0.825035,958.174901,-10.936330,1459.294745,-284.427875,  0.109793,20514170.906883
  0.020000,  0.020000,  0.500000,  0.500000, 60.000000, 40.000000,-1454.504152,-283.205701,-953.384308, -9.714156,-917.019149, -0.823035,-346.240406,-12.240132,-285.446459,-12.848092,285.446459,-12.848092,346.240406,-12.240132,917.019149, -0.823035,953.384308, -9.714156,1454.504152,-283.205701,  0.156457,20312817.610823
  0.020000,  0.020000,  0.500000,  0.500000, 60.000000, 50.000000,-1449.713560,-281.983527,-948.593716, -8.491981,-917.219136, -0.821035,-346.440393,-12.238132,-285.446459,-12.848092,285.446459,-12.848092,346.440393,-12.238132,917.219136, -0.821035,948.593716, -8.491981,1449.713560,-281.983527,  0.218924,20112902.186760
  0.020000,  0.020000,  0.500000,  0.500000, 60.000000, 60.000000,-1444.922967,-280.761352,-943.803123, -7.269807,-917.419122, -0.819035,-346.640379,-12.236133,-285.446459,-12.848092,285.446459,-12.848092,346.640379,-12.236133,917.419122, -0.819035,943.803123, -7.269807,1444.922967,-280.761352,  0.305086,19913208.063907
  0.020000,  0.020000,  0.600000,  0.600000, 20.000000, 20.000000,-1480.457643,-355.100101,-964.441608, -2.342857,-957.875226, -0.384630,-332.932061,-12.885160,-312.534087,-13.089147,312.534087,-13.089147,332.932061,-12.885160,957.875226, -0.384630,964.441608, -2.342857,1480.457643,-355.100101,  0.476292,31558271.026806
